6
9
99
4
0.03
0.08
0.07
0.15
0.01
0.01
0.03
0.01
0.01
0.0
0.0
0.0
0.0
0.0
0.0
0.0
0.0
0.0
0.0
0.0
0.0
0.0
0.0
0.0
0.0
0.0
0.0
0.0
0.0
0.0
0.0
0.0
0.0
0.0
0.0
0.0
0.0
0.0
0.0
0.0
0.0
0.0
0.0
0.0
0.1
0.0
0.0
0.0
0.06
0.0
0.0
0.0
0.05
0.0
0.0
0.0
0.0
0.0
0.04
0.0
0.0
0.0
0.05
0.0
0.0
0.0
0.0
0.0
0.0
0.0
0.0
0.0
0.0
0.0
0.0
0.0
0.03
0.0
0.0
0.0
0.0
0.0
0.0
0.1
0.0
0.0
0.0
0.0
0.07
0.0
0.0
0.0
0.0
0.0
0.0
0.0
0.0
0.04
0.04
0.02